11111 .

ro 111 umam 11 m ’111 1111111111, men 111
omn, 1111111111 οι unum 11 n« 111 nerum

’11111111111411111111111111111

cmm. - P mammona„
Fuge 1111611118 113 Fuge
Ι 916 117 1389 1119 1446
· 490 111116 106 111119 nm
141 17 1389 11117 , 88·
168 31 149 alah—1⁶ 381.
· 50 mimae„ 1119 xi. 10,11 80
110 111113 1381
110 xxviiia-mi. 900
1446 mim 108 1111111. 1361
’109 39 110 111.11,19,13 1130
1116,7 “ 169 11111611019 186 111119-91 949
11111 99 10 968 mii 900933, 949,
11119 161 mmm-3³ 110 943, 949, 391
- 60 169. 1134-08 1111 1 1781380
11193 1447 91107,171,971
6 · 1447 uvmcus. 6 901
· ’1911018 14401119 1111 5,ss 901
93 169 11139 1136 10 909
xxvii 97-99 60 1111194 369 11 179, 911
39,40 «00 111910 369 15
miit 16,17 169 13--16 191
111197 1419 93,94 191
111139 141
monem 1447 numne. 11131 ·. ’
90116981446 117 159 148 ,
111139-34 437 1113, 16 1111 91 140
1111.9-97160,949 136 nass ·
816111191906 1116-0 169 3081100.
9 134 111199 1447 11116 83
11 141 1111413 61 11919 1399
’91 1389 17 ’930 97 90
97 , 60 11111091 1447
11101108 - 97-80 ,01 9111041 1448
1113 144711113911134 1936
,18 1498 xxiii, 1111. 1 30, 69, 300988.
1111. 1447 900, 980, 111 , 1919
fiii-14 1969 mindae. 1461 irum 191
118 . 1191 7--10 187 v. 913, 386, 399
xv. 1-91 386 19 990 1 1393
1 1399 11113 140 98-30 180
6 141 5-9 987 99 910
“ 6 971 6 · 1119161 113 1447
9,10 934 17 180 11 101
11, 19- 939 11111 369 ixa-15 m
90, 91 964 111113 1 447 11111 413

 

