num 444 44444444 411

fo · 2⁷ss ιιψ-ιι-ω 311 44-44 Ι1411
mo nm ¹le m , 17-20 444
411ὲὲ 111 *1114 ’111 Ἠ as, 44111
4 ,4444 4444 444 10 »4444
· 4 444 nur 4444444-44444
ur ¹¹ 2⁶⁵¹}ss g'fflow {3⁷⁷ {³4:31⁸ ⁸²3⁸}
0⁵ n

m ’444 4 4444 mit 444
44. 4444 444 41-44 444 2 444
um m 44 444 m 44
lvii-2 „ 44108 19 4486 18 88

44447 , 18--82 102
4 41 19, ke. 10³

93 23 102
4489 44414.18,19 486
44291 444416 1282

, mvi. 17 444
. 206 444444444044. mvffi 44, 44 nas

109 aa 4439,316-820 17. 20 ,4293
2⁴33 1124444117 178 4441418 86
4 7
, 95 29444117
1-6 415 12444116
4-6 234 21
14146 107 112
144.11,12 44206 4
1114 267 19 318 414
mmm 11113 178 4112
344 194, 290294 14 44317
111184 429 14444164 4181 ω
147 n 85 83 99 1114
19141 238143 4443 41.1,2
23-26 117 18 4318 1414
84 21 4446 4189
4121 :iiim
291 mmm* 4146-8
4183 844271271291294 6,7
443 1111416 248
4441 4116 44206 10214
291 4141444129 4456 844
381 44. 139 1
194 xri n41.140‚⁴sso 17444110
291 10134441184110 11. ,
85 414. 323 11114 “
4119 1--9 140 1416 118 “’
312 10--14 139 18 4489
441 44131 4412044167 1419 449
381 xxiii 140430 41108.
248 44143-13 141 844 296
4447 26 381 11 491
4448 xxv-13 4447 Mne. 269
282 ·12 4282 11 44282
223 mmmm 443 1112 44447
44428 20 102 119 161
441 44411. 323 141 88
4118 3 4441 2 4188
tw 4441112 w 4.1,2 183314

 

