mn ’Ν 'm 14989911 Μ’

...11 ‚ 5ae 2⁴ 1’111 11-11111
· 9 . ,464 9 · 11389 1111111 175·
11135 mia-1⁵ ι Bw Μζ4 11381
&mvii-MR. 111113 wo 1111111111
“ 489 1111119
449 - 18,14
464 14
109 11111.
11119 11131464 mvi-‘d 918 1,9,3,51111611366
4 465 111111 1139318 9’ 11366
mviii—4 494 1111111 10811385 1111. 359
miii-xli 466 ²¹³: 11385 8 12⁴
1111114-11 917 1111. 395 13 1
17 109 11397. 358- 11111 1 109
35 178 8 84 3,4 968 ’
minu& 494 11111. · 998 1111111113 969
11111. 498 111. 431 9 341
118 “ ,484 1 = 417 xcvi. 10-13 171939
’ 1135 15 418 111111 963
10-14 991 111196 n 89 xcviii. 7,8 173
11193 466 1111611610 969 7-τ·9 93318
19 178 111114 11317 xcix-1 939
ffi7—17 “2 xuxust nso cios ”⁴1
8 ’ 451 1. 379 cii-8 11970
muln. 10 141 3 11414
811 68,949,994,333, 11. 1133411113-6 1143
⁸⁴³⁸ ‘⁰²:22⁰ss 11111η 111 ⁰³² 1-5 mffl·
11. 150 111. ’ 11911360 3,4 11 199
3,4,5 1141 7 109 11 1141
6 970 111111 1146 14 11133
118 11136 111111 401 90 ’ 1141
11. 14 109 17 198 ov. , 409
116. 190 31 85 4 11389
1141 1111. 16 109 90 963
11367 99 153 evi· 409
. 11970 11111. 199361 13 , 11438
111111 11399358 lxxvii. 374 cvii. 404111.
7-14 193 11 366 cix. 13 11188
10 198 16 178 113 136, 11150
1114 190 18,19 969 exi. 1139
16 194 1111111. 401 1111. 1139
48 11317 9 1150 exiii, 5,6 965
111. 376 38111640 909 1111. 960
8-11 968 48 11999 8. 1141
1111311681961,979 63 998 11111,9.19,14,15,
13 85 61 11389 18 11970
17-19 153 65 999 7111119 1143
11111. 1131389 69 11113 ; 19 1143
m, 11111 w 11111111
mado 1389 1111. 359 cm. 416
111. 39 91911614 910 11111119 11365,
11381 9-18 143 11111. 1,9 969
11979 18 143 6-9 170
11389 11111. ’369 111190 973
109 1111111. 14111116 93 11389
11388 9 1384 1111118 11369

 

