„⁶1³ouss ffiffssfi‘n„ Η ’Σ

360444 mmm 966613 103
16016 066· 16 100
6170 m 437 10 -160
6367 9 403 0607 001
6066 116 “ 400 nl Ἢ
400 64111013 160
434 13 93
400 xxi-2 663
6436 10 93
400 661116 90
400 «stimmo-mm
417 17 6001
100 inl—⁵ 166439 03 m
669 11 403 mm 664
6367 10,11 439 17 663
100 4. 400 mii? 6006
aa& 1 murum 137
6301 0 400 03--09 137
’. 6317 11-14 440 xxix. 16 n 60
alr, 439 16 u 61606 31
cxlvii] 066 414 6439 mu 364
cxlviii 361 10 400403 6036
6 016 411οι664 166 mim 6006
· 6 346439 9 66
nomm 41111 436 lum-20 nss
3 404 miv. nlmssl
466613οΜ367 4 420 ,6664 66
1,--6 aas ⁵ 401461 1 ua
413 636 13 417 3-10 101
411 07 100 lemn. 11 116
4111. 07-31 176 344 176, 36366094 14 6116
’ 337 10 1711330 16 6033
342 6646616 107 mv. 0306034
066 00 641 0 66
341 117 · 066 mmm—35 051
340 ins nul
. . 100
14 360
340 14 · 100176 xla—lxvi. 049
066 04 6171 6110461106 017
340413 367 00 6119
3⁶2 4110 167 61. 16, 16 93
066 16 6163 61116 6119
641 163-64 406 611110 2⁶⁹
‘. ι 6101610 nm 16--19 122
047 14 167 :lius 641
660 18 86 04. 6119
047 06-30 006 xlm 6110.
w 34 ⁸⁵ 3 6146
10-31 639 6113 ⁸5 61411116. m
' 14 11447 61411101 6100
wemmam. 61116 n 006 xlix-7 063
464 3406343 6-13 088 1416 168
xm 6133 :im—27 103111 17 „m
0113--6 136 396 04 6136
u· m ⁴ “3150 rba im.

 

